-76
47
-266
66
0000000000000000000000000000000000000000000000000000000000000000000000000000000000000000000000000000000000000000000000000000
0000000000000000000000000000000000000010000000000000000000000000000000000000000000000000000000000000000000000000000000000010
0000000000000000000000000000000000000000000000000000000000000000000000000000000000000000000000000000000000000000000000000000
0000000000000000000000000000000000000000000000000000000000000000000000000000000000000000000000000000000000000000000000000000
0000000000000000000000000000000000000000000000000000000000000000000000000000000000000000000000000000000000000000000000000000
0000000000000000000000000000000000000000000000000000000000000000000000000000000000000000000000000000000000000000000000000000
0000000000000000000000000000000000000000000000000000000000000000000000000000000000000000000000000000000000000000000000000000
0000000000000000000000000000000000000000001111111111111111111111111111111111111111111111111111111111111111111111000000000000
0000000000000000000000000000000000000000001111111111111111111111111111111111111111111111111111111111111111111111000000000000
0000000000000000000000000000000000000000001111111111111111111111111111111111111111111111111111111111111111111111000000000000
0000000000000000000000000000000000000000001111111111111111111111111111111111111111111111111111111111111111111111000000000000
0000000000000000000000000000000000000000001111111111111111111111111111111111111111111111111111111111111111111111000000000000
0000000000000000000000000000000000000000001111111111111111111111111111111111111111111111111111111111111111111111000000000000
0000000000000000000000000000000000000000001111111111111111111111111111111111111111111111111111111111111111111111000000000000
0000000000000000000000000000000000000000001111111111111111111111111111111111111111111111111111111111111111111111000000000000
0000000000000000000000000000000000000000001111111111111111111111111111111111111111111111111111111111111111111111000000000000
0000000000000000000000000000000000000000001111111111111111111111111111111111111111111111111111111111111111111111000000000000
0000000000000000000000000000000000000000001111111111111111111111111111111111111111111111111111111111111111111111000000000000
0000000000000000000000000000000000000000001111111111111111111111111111111111111111111111111111111111111111111111000000000000
0000000000000000000000000000000000000000001111111111111111111111111111111111111111111111111111111111111111111111000000000000
0000000000000000000000000000000000000000001111111111111111111111111111111111111111111111111111111111111111111111000000000000
0000000000000000000000000000000000000000001111111111111111111111111111111111111111111111111111111111111111111111000000000000
0000000000000000000000000000000000000000001111111111111111111111111111111111111111111111111111111111111111111111000000000000
0000000000000000000000000000000000000000001111111111111111111111111111111111111111111111111111111111111111111111000000000000
0000000000000000000000000000000000000000001111111111111111111111111111111111111111111111111111111111111111111111000000000000
0000000000000000000000000000000000000000001111111111111111111111111111111111111111111111111111111111111111111111000000000000
0000000000000000000000000000000000000000001111111111111111111111111111111111111111111111111111111111111111111111000000000000
0000000000000000000000000000000000000000001111111111111111111111111111111111111111111111111111111111111111111111111111110000
0000000000000000000000000000000000000000001111111111111111111111111111111111111111111111111111111111111111111111111111110000
0000000000000000000000000000000000000000001111111111111111111111111111111111111111111111111111111111111111111111111111110000
0000000000000000000000000000000000000000001111111111111111111111111111111111111111111111111111111111111111111111111111110000
0000000000000000000000000000000000000000001111111111111111111111111111111111111111111111111111111111111111111111111111110000
0000000000000000000000000000000000000000001111111111111111111111111111111111111111111111111111111111111111111111111111110000
0000000000000000000000000000000000000000001111111111111111111111111111111111111111111111111111111111111111111111111111110000
0000000000000000000000000000000000000000001111111111111111111111111111111111111111111111111111111111111111111111111111110000
0000000000000000000000000000000000000000001111111111111111111111111111111111111111111111111111111111111111111111111111110000
0000000000000000000000000000000000000000001111111111111111111111111111111111111111111111111111111111111111111111111111110000
0000000000000000000000000000000000000000001111111111111111111111111111111111111111111111111111111111111111111111111111110000
0000000000000000000000000000000000000000001111111111111111111111111111111111111111111111111111111111111111111111111111110000
0000000000000000000000000000000000000000001111111111111111111111111111111111111111111111111111111111111111111111000000000000
0000000000000000000000000000000000000000001111111111111111111111111111111111111111111111111111111111111111111111000000000000
0000000000000000000000000000000000000000001111111111111111111111111111111111111111111111111111111111111111111111000000000000
0000000000000000000000000000000000000000001111111111111111111111111111111111111111111111111111111111111111111111000000000000
0000000000000000000000000000000000000000001111111111111111111111111111111111111111111111111111111111111111111111000000000000
0000000000000000000000000000000000000000001111111111111111111111111111111111111111111111111111111111111111111111000000000000
0000000000000000000000000000000000000000001111111111111111111111111111111111111111111111111111111111111111111111000000000000
0000000000000000000000000000000000000000001111111111111111111111111111111111111111111111111111111111111111111111000000000000
0000000000000000000000000000000000000000001111111111111111111111111111111111111111111111111111111111111111111111000000000000
0000000000000000000000000000000000000000001111111111111111111111111111111111111111111111111111111111111111111111000000000000
0000000000000000000000000000000000000000001111111111111111111111111111111111111111111111111111111111111111111111000000000000
0000000000000000000000000000000000000000001111111111111111111111111111111111111111111111111111111111111111111111000000000000
0000000000000000000000000000000000000000001111111111111111111111111111111111111111111111111111111111111111111111000000000000
0000000000000000000000000000000000000000001111111111111111111111111111111111111111111111111111111111111111111111000000000000
0000000000000000000000000000000000000000001111111111111111111111111111111111111111111111111111111111111111111111000000000000
0000000000000000000000000000000000000000001111111111111111111111111111111111111111111111111111111111111111111111000000000000
0000000000000000000000000000000000000000001111111111111111111111111111111111111111111111111111111111111111111111000000000000
0000000000000000000000000000000000000000001111111111111111111111111111111111111111111111111111111111111111111111000000000000
0000000000000000000000000000000000000000001111111111111111111111111111111111111111111111111111111111111111111111000000000000
0000000000000000000000000000000000000000001111111111111111111111111111111111111111111111111111111111111111111111000000000000
0000000000000000000000000000000000000000001111111111111111111111111111111111111111111111111111111111111111111111000000000000
0000000000000000000000000000000000000000001111111111111111111111111111111111111111111111111111111111111111111111000000000000
0000000000000000000000000000000000000000001111111111111111111111111111111111111111111111111111111111111111111111000000000000
0000000000000000000000000000000000000000001111111111111111111111111111111111111111111111111111111111111111111111000000000000
0000000000000000000000000000000000000000000000000000000000000000000000000000111111111100000000000000000000000000000000000000
0000000000000000000000000000000000000000000000000000000000000000000000000000111111111100000000000000000000000000000000000000
0000000000000000000000000000000000000000000000000000000000000000000000000000111111111100000000000000000000000000000000000000
0000000000000000000000000000000000000000000000000000000000000000000000000000111111111100000000000000000000000000000000000000
0000000000000000000000000000000000000000000000000000000000000000000000000000011111111110000000000000000111111110000000000000
0000000000000000000000000000000000000000000000000000000000000000000000000000011111111110000000000000000111111110000000000000
0000000000000000000000000000000000000000000111111111111111111111111111111111111111111111111111111111111111111110000000000000
0000000000000000000000000000000000000000000111111111111111111111111111111111111111111111111111111111111111111110000000000000
0000000000000000000000000000000000000000000111111111111111111111111111111111111111111111111111111111111111111110000000000000
0000000000000000000000000000000000000000000111111111111111111111111111111111111111111111111111111111111111111110000000000000
0000000000000000000000000000000000000000000111111111111111111111111111111111111111111111111111111111111111111110000000000000
0000000000000000000000000000000000000000000111111111111111111111111111111111111111111111111111111111111111111110000000000000
0000000000000000000000000000000000000000000111111111111111111111111111111111111111111111111111111111111111111110000000000000
0000000000000000000000000000000000000000000111111111111111111111111111111111111111111111111111111111111111111110000000000000
0000000000000000000000000000000000000000000111111111111111111111111111111111111111111111111111111111111111111110000000000000
0000000000000000000000000000000000000000000111111111111111111111111111111111111111111111111111111111111111111110000000000000
0000000000000000000000000000000000000000000111111111111111111111111111111111111111111111111111111111111111111110000000000000
0000000000000000000000000000000000000000000111111111111111111111111111111111111111111111111111111111111111111110000000000000
0000000000000000000000000000000000000000000111111111111111111111111111111111111111111111111111111111111111111110000000000000
0000000000000000000000000000000000000000000111111111111111111111111111111111111111111111111111111111111111111110000000000000
0000000000000000000000000000000000000000000111111111111111111111111111111111111111111111111111111111111111111110000000000000
0000000000000000000000000000000000000000000111111111111111111111111111111111111111111111111111111111111111111110000000000000
0000000000000000000000000000000000000000000111111111111111111111111111111111111111111111111111111111111111111110000000000000
0000000000000000000000000000000000000000000111111111111111111111111111111111111111111111111111111111111111111110000000000000
0000000000000000000000000000000000000000000111111111111111111111111111111111111111111111111111111111111111111110000000000000
0000000000000000000000000000000000000000000111111111111111111111111111111111111111111111111111111111111111111110000000000000
0000000000000000000000000000000000000000000111111111111111111111111111111111111111111111111111111111111111111110000000000000
0000000000000000000000000000000000000000000111111111111111111111111111111111111111111111111111111111111111111110000000000000
0000000000000000000000000000000000000000000111111111111111111111111111111111111111111111111111111111111111111110000000000000
0000000000000000000000000000000000000000000111111111111111111111111111111111111111111111111111111111111111111110000000000000
0000000000000000000000000000000000000000000111111111111111111111111111111111111111111111111111111111111111111110000000000000
0000000000000000000000000000000000000000000111111111111111111111111111111111111111111111111111111111111111111110000000000000
0000000000000000000000000000000000000000000111111111111111111111111111111111111111111111111111111111111111111110000000000000
0000000000000000000000000000000000000000000111111111111111111111111111111111111111111111111111111111111111111110000000000000
0000000000000000000000000000000000000000000111111111111111111111111111111111111111111111111111111111111111111110000000000000
0000000000000000000000000000000000000000000111111111111111111111111111111111111111111111111111111111111111111110000000000000
0000000000000000000000000000000000000000000111111111111111111111111111111111111111111111111111111111111111111110000000000000
0000000000000000000000000000000000000000000111111111111111111111111111111111111111111111111111111111111111111110000000000000
0000000000000000000000000000000000000000000111111111111111111111111111111111111111111111111111111111111111111110000000000000
0000000000000000000000000000000000000000000111111111111111111111111111111111111111111111111111111111111111111110000000000000
0000000000000000000000000000000000000000000111111111111111111111111111111111111111111111111111111111111111111110000000000000
0000000000000000000000000000000000000000000111111111111111111111111111111111111111111111111111111111111111111110000000000000
0000000000000000000000000000000000000000000111111111111111111111111111111111111111111111111111111111111111111110000000000000
0000000000000000000000000000000000000000000111111111111111111111111111111111111111111111111111111111111111111110000000000000
0000000000000000000000000000000000000000000111111111111111111111111111111111111111111111111111111111111111111110000000000000
0000000000000000000000000000000000000000000111111111111111111111111111111111111111111111111111111111111111111110000000000000
0000000000000000000000000000000000000000000111111111111111111111111111111111111111111111111111111111111111111110000000000000
0000000000000000000000000000000000000000000111111111111111111111111111111111111111111111111111111111111111111110000000000000
0000000000000000000000000000000000000000000111111111111111111111111111111111111111111111111111111111111111111110000000000000
0000000000000000000000000000000000000000000111111111111111111111111111111111111111111111111111111111111111111110000000000000
0000000000000000000000000000000000000000000111111111111111111111111111111111111111111111111111111111111111111110000000000000
0000000000000000000000000000000000000000000111111111111111111111111111111111111111111111111111111111111111111110000000000000
0000000000000000000000000000000000000000000111111111111111111111111111111111111111111111111111111111111111111110000000000000
0000000000000000000000000000000000000000000111111111111111111111111111111111111111111111111111111111111111111110000000000000
0000000000000000000000000000000000000000000111111111111111111111111111111111111111111111111111111111111111111110000000000000
0000000000000000000000000000000000000000000111111111111111111111111111111111111111111111111111111111111111111110000000000000
0000000000000000000000000000000000000000000111111111111111111111111111111111111111111111111111111111111111111110000000000000
0000000000000000000000000000000000000000000111111111111111111111111111111111111111111111111111111111111111111110000000000000
0000000000000000000000000000000000000000000111111111111111111111111111111111111111111111111111111111111111111110000000000000
0000000000000000000000000000000000000000000111111111111111111111111111111111111111111111111111111111111111111110000000000000
0000000000000000000000000000000000000000000111111111111111111111111111111111111111111111111111111111111111111110000000000000
0000000000000000000000000000000000000000000111111111111111111111111111111111111111111111111111111111111111111110000000000000
0000000000000000000000000000000000000000000111111111111111111111111111111111111111111111111111111111111111111110000000000000
0000000000000000000000000000000000000000000111111111111111111111111111111111111111111111111111111111111111111110000000000000
0000000000000000000000000000000000000000000000000000000000000000000111111111100000000000000000000000000000000000000000000000
0000000000000000000000000000000000000000000000000000000000000000000111111111100000000000000000000000000000000000000000000000
0000000000000000000000000000000000000000000000000000000000000000000111111111100000000000000000000000000000000000000000000000
0000000000000000000000000000000000000000000000000000000000000000000111111111100000000000000001111111100000000000000000000000
0000000000000000000000000000000000000000000000000000000000000000000111111111100000000000000001111111100000000000000000000000
0000000000000000000000000000000001111111111111111111111111111111111111111111111111111111111111111111100000000000000000000000
0000000000000000000000000000000001111111111111111111111111111111111111111111111111111111111111111111100000000000000000000000
0000000000000000000000000000000001111111111111111111111111111111111111111111111111111111111111111111100000000000000000000000
0000000000000000000000000000000001111111111111111111111111111111111111111111111111111111111111111111100000000000000000000000
0000000000000000000000000000000001111111111111111111111111111111111111111111111111111111111111111111100000000000000000000000
0000000000000000000000000000000001111111111111111111111111111111111111111111111111111111111111111111100000000000000000000000
0000000000000000000000000000000001111111111111111111111111111111111111111111111111111111111111111111100000000000000000000000
0000000000000000000000000000000001111111111111111111111111111111111111111111111111111111111111111111100000000000000000000000
0000000000000000000000000000000001111111111111111111111111111111111111111111111111111111111111111111100000000000000000000000
0000000000000000000000000000000001111111111111111111111111111111111111111111111111111111111111111111100000000000000000000000
0000000000000000000000000000000001111111111111111111111111111111111111111111111111111111111111111111100000000000000000000000
0000000000000000000000000000000001111111111111111111111111111111111111111111111111111111111111111111100000000000000000000000
0000000000000000000000000000000001111111111111111111111111111111111111111111111111111111111111111111100000000000000000000000
0000000000000000000000000000000001111111111111111111111111111111111111111111111111111111111111111111100000000000000000000000
0000000000000000000000000000000001111111111111111111111111111111111111111111111111111111111111111111100000000000000000000000
0000000000000000000000000000000001111111111111111111111111111111111111111111111111111111111111111111100000000000000000000000
0000000000000000000000000000000001111111111111111111111111111111111111111111111111111111111111111111100000000000000000000000
0000000000000000000000000000000001111111111111111111111111111111111111111111111111111111111111111111100000000000000000000000
0000000000000000000000000000000001111111111111111111111111111111111111111111111111111111111111111111100000000000000000000000
0000000000000000000000000000000001111111111111111111111111111111111111111111111111111111111111111111100000000000000000000000
0000000000000000000000000000000001111111111111111111111111111111111111111111111111111111111111111111100000000000000000000000
0000000000000000000000000000000001111111111111111111111111111111111111111111111111111111111111111111100000000000000000000000
0000000000000000000000000000000001111111111111111111111111111111111111111111111111111111111111111111100000000000000000000000
0000000000000000000000000000000001111111111111111111111111111111111111111111111111111111111111111111100000000000000000000000
0000000000000000000000000000000001111111111111111111111111111111111111111111111111111111111111111111100000000000000000000000
0000000000000000000000000000000001111111111111111111111111111111111111111111111111111111111111111111100000000000000000000000
0000000000000000000000000000000001111111111111111111111111111111111111111111111111111111111111111111100000000000000000000000
0000000000000000000000000000000001111111111111111111111111111111111111111111111111111111111111111111100000000000000000000000
0000000000000000000000000000000001111111111111111111111111111111111111111111111111111111111111111111100000000000000000000000
0000000000000000000000000000000001111111111111111111111111111111111111111111111111111111111111111111100000000000000000000000
0000000000000000000000000000000001111111111111111111111111111111111111111111111111111111111111111111100000000000000000000000
0000000000000000000000000000000001111111111111111111111111111111111111111111111111111111111111111111100000000000000000000000
0000000000000000000000000000000001111111111111111111111111111111111111111111111111111111111111111111100000000000000000000000
0000000000000000000000000000000001111111111111111111111111111111111111111111111111111111111111111111100000000000000000000000
0000000000000000000000000000000001111111111111111111111111111111111111111111111111111111111111111111100000000000000000000000
0000000000000000000000000000000001111111111111111111111111111111111111111111111111111111111111111111100000000000000000000000
0000000000000000000000000000000001111111111111111111111111111111111111111111111111111111111111111111100000000000000000000000
0000000000000000000000000000000001111111111111111111111111111111111111111111111111111111111111111111100000000000000000000000
0000000000000000000000000000000001111111111111111111111111111111111111111111111111111111111111111111100000000000000000000000
0000000000000000000000000000000001111111111111111111111111111111111111111111111111111111111111111111100000000000000000000000
0000000000000000000000000000000001111111111111111111111111111111111111111111111111111111111111111111100000000000000000000000
0000000000000000000000000000000001111111111111111111111111111111111111111111111111111111111111111111100000000000000000000000
0000000000000000000000000000000001111111111111111111111111111111111111111111111111111111111111111111100000000000000000000000
0000000000000000000000000000000001111111111111111111111111111111111111111111111111111111111111111111100000000000000000000000
0000000000000000000000000000000001111111111111111111111111111111111111111111111111111111111111111111100000000000000000000000
0000000000000000000000000000000001111111111111111111111111111111111111111111111111111111111111111111100000000000000000000000
0000000000000000000000000000000001111111111111111111111111111111111111111111111111111111111111111111100000000000000000000000
0000000000000000000000000000000001111111111111111111111111111111111111111111111111111111111111111111100000000000000000000000
0000000000000000000000000000000001111111111111111111111111111111111111111111111111111111111111111111100000000000000000000000
0000000000000000000000000000000001111111111111111111111111111111111111111111111111111111111111111111100000000000000000000000
0000000000000000000000000000000001111111111111111111111111111111111111111111111111111111111111111111100000000000000000000000
0000000000000000000000000000000001111111111111111111111111111111111111111111111111111111111111111111100000000000000000000000
0000000000000000000000000000000001111111111111111111111111111111111111111111111111111111111111111111100000000000000000000000
0000000000000000000000000000000001111111111111111111111111111111111111111111111111111111111111111111100000000000000000000000
0000000000000000000000000000000001111111111111111111111111111111111111111111111111111111111111111111100000000000000000000000
0000000000000000000000000000000001111111111111111111111111111111111111111111111111111111111111111111100000000000000000000000
0000000000000000000000000000000001111111111111111111111111111111111111111111111111111111111111111111100000000000000000000000
0000000000000000000000000000000001111111111111111111111111111111111111111111111111111111111111111111100000000000000000000000
0000000000000000000000000000000000000000000000000000000001111111111000000000000000000000000000000000000000000000000000000000
0000000000000000000000000000000000000000000000000000000001111111111000000000000000000000000000000000000000000000000000000000
0000000000000000000000000000000000000000000000000000000001111111111000000000000000000000000000000000000000000000000000000000
0000000000000000000000000000000000000000000000000000000001111111111000000000000000000000000000000000000000000000000000000000
0000000000000000000000000000000000000000000000000000000001111111111000000000000000011111111000000000000000000000000000000000
0000000000000000000000000000000000000000000000000000000001111111111000000000000000011111111000000000000000000000000000000000
0000000000000000000000011111111111111111111111111111111111111111111111111111111111111111111000000000000000000000000000000000
0000000000000000000000011111111111111111111111111111111111111111111111111111111111111111111000000000000000000000000000000000
0000000000000000000000011111111111111111111111111111111111111111111111111111111111111111111000000000000000000000000000000000
0000000000000000000000011111111111111111111111111111111111111111111111111111111111111111111000000000000000000000000000000000
0000000000000000000000011111111111111111111111111111111111111111111111111111111111111111111000000000000000000000000000000000
0000000000000000000000011111111111111111111111111111111111111111111111111111111111111111111000000000000000000000000000000000
0000000000000000000000011111111111111111111111111111111111111111111111111111111111111111111000000000000000000000000000000000
0000000000000000000000011111111111111111111111111111111111111111111111111111111111111111111000000000000000000000000000000000
0000000000000000000000011111111111111111111111111111111111111111111111111111111111111111111000000000000000000000000000000000
0000000000000000000000011111111111111111111111111111111111111111111111111111111111111111111000000000000000000000000000000000
0000000000000000000000011111111111111111111111111111111111111111111111111111111111111111111000000000000000000000000000000000
0000000000000000000000011111111111111111111111111111111111111111111111111111111111111111111000000000000000000000000000000000
0000000000000000000000011111111111111111111111111111111111111111111111111111111111111111111000000000000000000000000000000000
0000000000000000000000011111111111111111111111111111111111111111111111111111111111111111111000000000000000000000000000000000
0000000000000000000000011111111111111111111111111111111111111111111111111111111111111111111000000000000000000000000000000000
0000000000000000000000011111111111111111111111111111111111111111111111111111111111111111111000000000000000000000000000000000
0000000000000000000000011111111111111111111111111111111111111111111111111111111111111111111000000000000000000000000000000000
0000000000000000000000011111111111111111111111111111111111111111111111111111111111111111111000000000000000000000000000000000
0000000000000000000000011111111111111111111111111111111111111111111111111111111111111111111000000000000000000000000000000000
0000000000000000000000011111111111111111111111111111111111111111111111111111111111111111111000000000000000000000000000000000
0000000000000000000000011111111111111111111111111111111111111111111111111111111111111111111000000000000000000000000000000000
0000000000000000000000011111111111111111111111111111111111111111111111111111111111111111111000000000000000000000000000000000
0000000000000000000000011111111111111111111111111111111111111111111111111111111111111111111000000000000000000000000000000000
0000000000000000000000011111111111111111111111111111111111111111111111111111111111111111111000000000000000000000000000000000
0000000000000000000000011111111111111111111111111111111111111111111111111111111111111111111000000000000000000000000000000000
0000000000000000000000011111111111111111111111111111111111111111111111111111111111111111111000000000000000000000000000000000
0000000000000000000000011111111111111111111111111111111111111111111111111111111111111111111000000000000000000000000000000000
0000000000000000000000011111111111111111111111111111111111111111111111111111111111111111111000000000000000000000000000000000
0000000000000000000000011111111111111111111111111111111111111111111111111111111111111111111000000000000000000000000000000000
0000000000000000000000011111111111111111111111111111111111111111111111111111111111111111111000000000000000000000000000000000
0000000000000000000000011111111111111111111111111111111111111111111111111111111111111111111000000000000000000000000000000000
0000000000000000000000011111111111111111111111111111111111111111111111111111111111111111111000000000000000000000000000000000
0000000000000000000000011111111111111111111111111111111111111111111111111111111111111111111000000000000000000000000000000000
0000000000000000000000011111111111111111111111111111111111111111111111111111111111111111111000000000000000000000000000000000
0000000000000000000000011111111111111111111111111111111111111111111111111111111111111111111000000000000000000000000000000000
0000000000000000000000011111111111111111111111111111111111111111111111111111111111111111111000000000000000000000000000000000
0000000000000000000000011111111111111111111111111111111111111111111111111111111111111111111000000000000000000000000000000000
0000000000000000000000011111111111111111111111111111111111111111111111111111111111111111111000000000000000000000000000000000
0000000000000000000000011111111111111111111111111111111111111111111111111111111111111111111000000000000000000000000000000000
0000000000000000000000011111111111111111111111111111111111111111111111111111111111111111111000000000000000000000000000000000
0000000000000000000000011111111111111111111111111111111111111111111111111111111111111111111000000000000000000000000000000000
0000000000000000000000011111111111111111111111111111111111111111111111111111111111111111111000000000000000000000000000000000
0000000000000000000000011111111111111111111111111111111111111111111111111111111111111111111000000000000000000000000000000000
0000000000000000000000011111111111111111111111111111111111111111111111111111111111111111111000000000000000000000000000000000
0000000000000000000000011111111111111111111111111111111111111111111111111111111111111111111000000000000000000000000000000000
0000000000000000000000011111111111111111111111111111111111111111111111111111111111111111111000000000000000000000000000000000
0000000000000000000000011111111111111111111111111111111111111111111111111111111111111111111000000000000000000000000000000000
0000000000000000000000011111111111111111111111111111111111111111111111111111111111111111111000000000000000000000000000000000
0000000000000000000000011111111111111111111111111111111111111111111111111111111111111111111000000000000000000000000000000000
0000000000000000000000011111111111111111111111111111111111111111111111111111111111111111111000000000000000000000000000000000
0000000000000000000000011111111111111111111111111111111111111111111111111111111111111111111000000000000000000000000000000000
0000000000000000000000011111111111111111111111111111111111111111111111111111111111111111111000000000000000000000000000000000
0000000000000000000000011111111111111111111111111111111111111111111111111111111111111111111000000000000000000000000000000000
0000000000000000000000011111111111111111111111111111111111111111111111111111111111111111111000000000000000000000000000000000
0000000000000000000000011111111111111111111111111111111111111111111111111111111111111111111000000000000000000000000000000000
0000000000000000000000011111111111111111111111111111111111111111111111111111111111111111111000000000000000000000000000000000
0000000000000000000000011111111111111111111111111111111111111111111111111111111111111111111000000000000000000000000000000000
0000000000000000000000011111111111111111111111111111111111111111111111111111111111111111111000000000000000000000000000000000
0000000000000000000000000000000000000000000000011111111110000000000000000000000000000000000000000000000000000000000000000000
0000000000000000000000000000000000000000000000011111111110000000000000000000000000000000000000000000000000000000000000000000
0000000000000000000000000000000000000000000000011111111110000000000000000000000000000000000000000000000000000000000000000000
0000000000000000000000000000000000000000000000011111111110000000000000000000000000000000000000000000000000000000000000000000
0000000000000000000000000000000000000000000000000000000000000000000000000000000000000000000000000000000000000000000000000000
0000000000000000000000000000000000000000000000011111111110000000000000000111111110000000000000000000000000000000000000000000
0000000000000000000000000000000000000000000000011111111110000000000000000111111110000000000000000000000000000000000000000000
0000000000000111111111111111111111111111111111111111111111111111111111111111111110000000000000000000000000000000000000000000
0000000000000111111111111111111111111111111111111111111111111111111111111111111110000000000000000000000000000000000000000000
0000000000000111111111111111111111111111111111111111111111111111111111111111111110000000000000000000000000000000000000000000
0000000000000111111111111111111111111111111111111111111111111111111111111111111110000000000000000000000000000000000000000000
0000000000000111111111111111111111111111111111111111111111111111111111111111111110000000000000000000000000000000000000000000
0000000000000111111111111111111111111111111111111111111111111111111111111111111110000000000000000000000000000000000000000000
0000000000000111111111111111111111111111111111111111111111111111111111111111111110000000000000000000000000000000000000000000
0000000000000111111111111111111111111111111111111111111111111111111111111111111110000000000000000000000000000000000000000000
0000000000000111111111111111111111111111111111111111111111111111111111111111111110000000000000000000000000000000000000000000
0000000000000111111111111111111111111111111111111111111111111111111111111111111110000000000000000000000000000000000000000000
0000000000000111111111111111111111111111111111111111111111111111111111111111111110000000000000000000000000000000000000000000
0000000000000111111111111111111111111111111111111111111111111111111111111111111110000000000000000000000000000000000000000000
0000000000000111111111111111111111111111111111111111111111111111111111111111111110000000000000000000000000000000000000000000
0000000000000111111111111111111111111111111111111111111111111111111111111111111110000000000000000000000000000000000000000000
0000000000000111111111111111111111111111111111111111111111111111111111111111111110000000000000000000000000000000000000000000
0000000000000111111111111111111111111111111111111111111111111111111111111111111110000000000000000000000000000000000000000000
0000000000000111111111111111111111111111111111111111111111111111111111111111111110000000000000000000000000000000000000000000
0000000000000111111111111111111111111111111111111111111111111111111111111111111110000000000000000000000000000000000000000000
0000000000000111111111111111111111111111111111111111111111111111111111111111111110000000000000000000000000000000000000000000
0000000000000111111111111111111111111111111111111111111111111111111111111111111110000000000000000000000000000000000000000000
0000000000000111111111111111111111111111111111111111111111111111111111111111111110000000000000000000000000000000000000000000
0000000000000111111111111111111111111111111111111111111111111111111111111111111110000000000000000000000000000000000000000000
0000000000000111111111111111111111111111111111111111111111111111111111111111111110000000000000000000000000000000000000000000
0000000000000111111111111111111111111111111111111111111111111111111111111111111110000000000000000000000000000000000000000000
0000000000000111111111111111111111111111111111111111111111111111111111111111111110000000000000000000000000000000000000000000
0000000000000111111111111111111111111111111111111111111111111111111111111111111110000000000000000000000000000000000000000000
0000000000000111111111111111111111111111111111111111111111111111111111111111111110000000000000000000000000000000000000000000
0000000000000111111111111111111111111111111111111111111111111111111111111111111110000000000000000000000000000000000000000000
0000000000000111111111111111111111111111111111111111111111111111111111111111111110000000000000000000000000000000000000000000
0000000000000111111111111111111111111111111111111111111111111111111111111111111110000000000000000000000000000000000000000000
0000000000000111111111111111111111111111111111111111111111111111111111111111111110000000000000000000000000000000000000000000
0000000000000111111111111111111111111111111111111111111111111111111111111111111110000000000000000000000000000000000000000000
0000000000000111111111111111111111111111111111111111111111111111111111111111111110000000000000000000000000000000000000000000
0000000000000111111111111111111111111111111111111111111111111111111111111111111110000000000000000000000000000000000000000000
0000000000000111111111111111111111111111111111111111111111111111111111111111111110000000000000000000000000000000000000000000
0000000000000111111111111111111111111111111111111111111111111111111111111111111110000000000000000000000000000000000000000000
0000000000000111111111111111111111111111111111111111111111111111111111111111111110000000000000000000000000000000000000000000
0000000000000111111111111111111111111111111111111111111111111111111111111111111110000000000000000000000000000000000000000000
0000000000000111111111111111111111111111111111111111111111111111111111111111111110000000000000000000000000000000000000000000
0000000000000111111111111111111111111111111111111111111111111111111111111111111110000000000000000000000000000000000000000000
0000000000000111111111111111111111111111111111111111111111111111111111111111111110000000000000000000000000000000000000000000
0000000000000111111111111111111111111111111111111111111111111111111111111111111110000000000000000000000000000000000000000000
0000000000000111111111111111111111111111111111111111111111111111111111111111111110000000000000000000000000000000000000000000
0000000000000111111111111111111111111111111111111111111111111111111111111111111110000000000000000000000000000000000000000000
0000000000000111111111111111111111111111111111111111111111111111111111111111111110000000000000000000000000000000000000000000
0000000000000111111111111111111111111111111111111111111111111111111111111111111110000000000000000000000000000000000000000000
0000000000000111111111111111111111111111111111111111111111111111111111111111111110000000000000000000000000000000000000000000
0000000000000111111111111111111111111111111111111111111111111111111111111111111110000000000000000000000000000000000000000000
0000000000000111111111111111111111111111111111111111111111111111111111111111111110000000000000000000000000000000000000000000
0000000000000111111111111111111111111111111111111111111111111111111111111111111110000000000000000000000000000000000000000000
0000000000000111111111111111111111111111111111111111111111111111111111111111111110000000000000000000000000000000000000000000
0000000000000111111111111111111111111111111111111111111111111111111111111111111110000000000000000000000000000000000000000000
0000000000000111111111111111111111111111111111111111111111111111111111111111111110000000000000000000000000000000000000000000
0000000000000111111111111111111111111111111111111111111111111111111111111111111110000000000000000000000000000000000000000000
0000000000000111111111111111111111111111111111111111111111111111111111111111111110000000000000000000000000000000000000000000
0000000000000111111111111111111111111111111111111111111111111111111111111111111110000000000000000000000000000000000000000000
0000000000000111111111111111111111111111111111111111111111111111111111111111111110000000000000000000000000000000000000000000
0000000000000111111111111111111111111111111111111111111111111111111111111111111110000000000000000000000000000000000000000000
0000000000000000000000000000000000000111111111100000000000000000000000000000000000000000000000000000000000000000000000000000
0000000000000000000000000000000000000111111111100000000000000000000000000000000000000000000000000000000000000000000000000000
0000000000000000000000000000000000000111111111100000000000000000000000000000000000000000000000000000000000000000000000000000
0000000000000000000000000000000000000111111111100000000000000000000000000000000000000000000000000000000000000000000000000000
0000000000000000000000000000000000000000000000000000000000000000000000000000000000000000000000000000000000000000000000000000
0000000000000000000000000000000000000000000000000000000000000000000000000000000000000000000000000000000000000000000000000000
0000000000000000000000000000000000000000000000000000000000000000000000000000000000000000000000000000000100000000000000000000
0000000000000000000000000000000000000000000000000000000000000000000000000000000000000000000000000000000010000000000000000000
0000000000000000000000000000000000000000000000000000000000000000000000000000000000000000000000000000000000000000000000000000
0000000000000000000000000000000000000000000000000000000000000000000000000000000000000000000000000000000000000000000000000000
0000000000000000000000000000000000000000000000000000000000000000000000000000000000000000000000000000000000000000000000000000
0000000000000000000000000000000000000000000000000000000000000000000000000000000000000000000000000000000000000000000000000000
0000000000000000000000000000000000000000000000000000000000000000000000000000000000000000000000000000000000000000000000000000
1000000000000000000000000000000000000000000000000000000000000000000000000000000010000000000000000000000000000000000000000000
